;Exported by: mark
;Date:        Wed Jan 05 22:58:24 2011
;File:        C:\Users\mark\Documents\3dsmax\scenes\erhardt.max
{Skeleton
	{bone "basis"
		{parameters "wheelradius=0.49;steermax=10;"}
		{Orientation
			1	0	0
			0	-1	0
			0	0	1
		}
		{bone "body"
			{parameters "ID=body;"}
			{Matrix34
				1	0	0
				0	0	1
				0	-1	0
				18.1897	-14.8283	29.5956
			}
			{VolumeView "body.ply"}
			{bone "detail2"
				{Matrix34
					-0.984479	0	0.175504
					-0.173438	0.152962	-0.972894
					-0.000358532	-0.999998	-0.00201118
					-36.45	5.09617	-28.7344
				}
				{VolumeView "detail2.ply"}
			}
			{bone "detail3"
				{Matrix34
					-0.984479	0	0.175504
					-0.175432	-0.0285344	-0.984078
					0.000479927	-0.999996	0.00269208
					-31.387	1.56595	-29.7988
				}
				{VolumeView "detail3.ply"}
			}
			{bone "detail1"
				{Matrix34
					0.00857557	-0.186682	0.982383
					0.00162936	0.98242	0.186675
					-0.999962	0	0.00872899
					-65.2336	-1.24847	-13.1728
				}
				{VolumeView "detail1.ply"}
			}
			{bone revolute "turret"
				{parameters "ID=turret;"}
				{Matrix34
					-0.999968	-0.000766962	-0.00796182
					-0.00795772	-0.00519757	0.999955
					-0.000808309	0.999986	0.0051913
					-29.9901	21.3293	-13.9754
				}
				{VolumeView "turret.ply"}
				{bone revolute "gun_rot"
					{parameters "ID=gun;"}
					{limits -20 20}
					{speed 0.01}
					{Matrix34
						1	0	0
						0	0	1
						0	-1	0
						-11.2615	-0.248492	0.0696564
					}
					{bone "gun"
						{parameters "ID=gun;"}
						{Matrix34
							0	1	0
							0	0	-1
							-1	0	0
							0.132418	-0.0651207	-0.157929
						}
						{VolumeView "gun.ply"}
						{bone "foresight3"
							{Matrix34
								0	0	1
								1	0	0
								0	1	0
								-0.77998	-0.0384274	9.90825
							}
						}
					}
				}
				{bone "visor1"
					{Matrix34
						-0.999968	-0.00795767	-0.000809833
						0.000766828	0.00519758	-0.999986
						0.00796177	-0.999955	-0.00519205
						-2.65184	2.61297	1.07693
					}
				}
			}
			{bone revolute "turret1"
				{parameters "ID=turret;"}
				{limits -25 25}
				{Matrix34
					-0.15865	0	-0.987335
					-0.987335	0	0.15865
					0	1	0
					-22.5541	7.27166	0.465941
				}
				{VolumeView "turret1.ply"}
				{bone revolute "gun_rot1"
					{parameters "ID=gun;"}
					{limits -20 20}
					{speed 0.01}
					{Matrix34
						-0.999961	-0.00880624	0
						0	0	1
						-0.00880624	0.999961	0
						-1.18861	0.292327	2.32
					}
					{bone "gun1"
						{parameters "ID=gun;"}
						{Matrix34
							0	1	0
							-0.00880675	0	0.999961
							0.999961	0	0.00880675
							-1.43526	-0.410805	-0.304974
						}
						{VolumeView "gun1.ply"}
						{bone "foresight4"
							{Matrix34
								0	-0.0431712	0.999068
								1	0	0
								0	0.999068	0.0431724
								-0.360626	0.0813394	10.714
							}
						}
					}
				}
			}
			{bone revolute "turret2"
				{parameters "ID=turret;"}
				{limits -25 25}
				{Matrix34
					-0.228172	0	0.973621
					-0.973621	0	-0.228172
					0	1	0
					-23.1864	7.27166	-27.7547
				}
				{VolumeView "turret2.ply"}
				{bone revolute "gun_rot2"
					{parameters "ID=gun;"}
					{limits -20 20}
					{speed 0.01}
					{Matrix34
						-0.999793	0.0203653	0
						0	0	1
						-0.0203653	-0.999793	0
						-0.552532	-0.0442915	1.64156
					}
					{bone "gun2"
						{parameters "ID=gun;"}
						{Matrix34
							0	1	0
							0.0203656	0	-0.999793
							0.999793	0	0.0203656
							-0.822713	0.267639	-0.19479
						}
						{VolumeView "gun2.ply"}
						{bone "foresight5"
							{Matrix34
								0	0.0636646	0.997971
								0	0.997971	-0.0636647
								1	0	0
								-0.662323	-0.113103	10.8871
							}
						}
					}
				}
			}
			{bone "visor2"
				{Matrix34
					1	0	0
					0	-1	0
					0	0	-1
					-35.2013	2.13836	-11.3358
				}
			}
		}
		{bone "pivot_front"
			{Matrix34
				-1	0	0
				0	-1	0
				0	0	1
				41.9385	0	0
			}
			{bone revolute "steer_r1"
				{Matrix34
					1	0	0
					0	-1	0
					0	0	1
					-2.08225	16.9932	10.2137
				}
				{bone revolute "wheelr1"
					{parameters "ID=wheelright;"}
					{Matrix34
						1	0	0
						0	0	1
						0	1	0
						-0.27055	-1.62445	0.0440578
					}
					{VolumeView "wheelr1.ply"}
				}
			}
			{bone revolute "steer_l1"
				{Matrix34
					1	0	0
					0	-1	0
					0	0	1
					-2.08226	-13.3769	10.2137
				}
				{bone revolute "wheell1"
					{parameters "ID=wheelleft;"}
					{Matrix34
						1	0	0
						0	0	1
						0	-1	0
						-0.289066	0.693183	0.212546
					}
					{VolumeView "wheell1.ply"}
				}
			}
			{bone "fxtracer1"
				{Matrix34
					1	1.55608e-005	0
					0	0	1
					1.55608e-005	-1	0
					-2.39444	16.5653	0.289341
				}
			}
			{bone "fxtracel1"
				{Matrix34
					1	1.55608e-005	0
					0	0	1
					1.55608e-005	-1	0
					-2.39444	-14.7437	0.289339
				}
			}
		}
		{bone "pivot_back"
			{Matrix34
				-1	0	0
				0	-1	0
				0	0	1
				-35.0209	0	0
			}
			{bone revolute "wheelr2"
				{parameters "ID=wheelright;"}
				{Matrix34
					1	0	0
					0	0	1
					0	1	0
					-1.57654	17.3296	10.4911
				}
				{VolumeView "wheelr2.ply"}
			}
			{bone revolute "wheell2"
				{parameters "ID=wheelleft;"}
				{Matrix34
					1	0	0
					0	0	1
					0	-1	0
					-1.57654	-14.7223	10.4911
				}
				{VolumeView "wheell2.ply"}
			}
			{bone "fxtracer2"
				{Matrix34
					1	1.55608e-005	0
					0	0	1
					1.55608e-005	-1	0
					-1.6766	18.0647	0.289341
				}
			}
			{bone "fxtracel2"
				{Matrix34
					1	1.55608e-005	0
					0	0	1
					1.55608e-005	-1	0
					-1.45718	-16.1709	0.289339
				}
			}
		}
		{bone "emit1"
			{Matrix34
				0.0282817	0.9996	0
				-0.9996	0.0282817	0
				0	0	1
				10.5765	-26.8411	0
			}
		}
		{bone "emit2"
			{Matrix34
				0.00862655	-0.999963	0
				0.999963	0.00862655	0
				0	0	1
				10.5765	25.2426	0
			}
		}
	}
}
{Volume "body"
	{Polyhedron "body.vol"}
	{Bone "body"}
	{Matrix34
		1	0	-1.51078e-005
		0	1	0
		1.51078e-005	0	1
		-20.6937	3.97108	-27.9961
	}
}
{Volume "engine"
	{Box 10.4274 10.4274 8.37607}
	{Bone "body"}
	{Matrix34
		1.5031	0	0
		0	1.5031	0
		0	0	1.5031
		19.9199	-5.43946	-12.613
	}
}
{Volume "inventory"
	{Box 10.4274 10.4274 8.37607}
	{Bone "body"}
	{Matrix34
		1.5031	0	0
		0	1.5031	0
		0	0	1.5031
		-30.1045	3.28752	-13.8426
	}
}
{Volume "turret"
	{Cylinder 11.5701 5.1282}
	{Bone "turret"}
	{Matrix34
		-1.02088	-0.00813915	-0.000825292
		-0.00814455	1.02086	0.00529944
		0.00125153	0.00848164	-1.63178
		0.0369672	0.14356	0.205871
	}
}
{Volume "wheell1"
	{Cylinder 9.6887 3.98881}
	{Bone "wheell1"}
	{Matrix34
		-1	0	-3.37941e-005
		0	1	0
		0	0	1
		-0.00868923	0.0871817	0.0127306
	}
}
{Volume "wheell2"
	{Cylinder 9.6887 3.98881}
	{Bone "wheell2"}
	{Matrix34
		-1	0	3.29316e-005
		0	1	0
		0	0	-1
		-0.348022	0.0223047	1.25326
	}
}
{Volume "wheelr1"
	{Cylinder 9.6887 3.98881}
	{Bone "wheelr1"}
	{Matrix34
		-1	0	3.277e-005
		0	1	0
		0	0	-1
		-0.0272015	0.255671	2.13186
	}
}
{Volume "wheelr2"
	{Cylinder 9.6887 3.98881}
	{Bone "wheelr2"}
	{Matrix34
		-1	0	-1.57356e-005
		0	1	0
		-1.57356e-005	0	1
		-0.109574	0.0223129	1.11492
	}
}
