;Model created by: <St.Andrey>
;Lights added by: Albus
{Skeleton
	{Animation
		{sequence "start" {speed 0.6}}
		{sequence "stop" {speed 0.6}}
		{sequence "hit"}
		{sequence "open" {speed 0.5} {resume}}
    	}
	{bone "basis"
		{parameters "WheelRadius=0.43;SteerMax=42;"}
		{Orientation
			1.0000	0.0000	0.0000
			0.0000	-1.0000	0.0000
			0.0000	0.0000	1.0000
		}
		{bone "body"
			{parameters "ID=body;"}
			{Animation
				{sequence "repair" {file "body_r.anm"}}
			}
			{Matrix34
				1.0000	0.0000	0.0000
				0.0000	1.0000	0.0000
				0.0000	0.0000	1.0000
				-5.3605	0.0751	11.1000
			}
			{VolumeView "body.ply"}
			{bone revolute "turret"
				{parameters "ID=turret;"}
				{Matrix34
					0.9949	-0.1011	0.0000
					0.1011	0.9949	0.0000
					0.0000	0.0000	1.0000
					-18.5354	0.4645	22.2000
				}
				{VolumeView "turret.ply"}
				{bone revolute "gun_rot"
					{limits -8.0000 8.0000}
					{speed 0.1000}
					{Matrix34
						0.9952	0.0976	0.0000
						0.0000	0.0000	1.0000
						0.0976	-0.9952	0.0000
						12.2413	1.2003	2.1000
					}
					{bone "gun"
						{Matrix34
							-0.0079	0.0035	-1.0000
							-1.0000	0.0000	0.0079
							0.0000	1.0000	0.0035
							0.0504	-47.1110	-2.6549
						}
						{VolumeView "gun.ply"}
						{bone "Foresight3"
							{Matrix34
								-0.0063	-1.0000	0.0001
								0.9999	-0.0063	-0.0157
								0.0157	0.0000	0.9999
								-2.8558	-16.0966	49.5609
							}
						}
					}
				}
				{bone "Visor1"
					{Matrix34
						0.9949	0.1011	0.0000
						-0.1011	0.9949	0.0000
						0.0000	0.0000	1.0000
						17.5099	1.7786	7.4000
					}
				}
				{bone "FXfire2"
					{Matrix34
						-0.0246	0.0065	0.9997
						-0.1060	0.9943	-0.0091
						-0.9941	-0.1062	-0.0237
						0.0785	-0.4744	2.2057
					}
				}
				{bone "bon"
					{Matrix34
						0.9930	0.1184	0.0000
						-0.1184	0.9930	0.0000
						0.0000	0.0000	1.0000
						7.8491	-6.1136	-2.1100
					}
					{bone "Cover"
						{parameters "ID=turret;"}
						{Position -1.2542 5.8003 13.0115}
						{VolumeView "Cover.ply"}
					}
				}
			}
			{bone "FXshot"
			}
			{bone "FXfire1"
				{Matrix34
					-0.0314	0.0000	0.9995
					0.0000	1.0000	0.0000
					-0.9995	0.0000	-0.0314
					23.2313	-0.5000	16.6270
				}
			}
			{bone "FXsmoke1"
				{Matrix34
					-0.9693	0.0169	0.2453
					-0.0175	-0.9998	0.0000
					0.2453	-0.0043	0.9694
					-55.5938	0.2313	0.8477
				}
			}
			{bone "Visor2"
				{Matrix34
					1.0000	0.0000	0.0070
					0.0000	1.0000	0.0000
					-0.0070	0.0000	1.0000
					2.6044	7.3000	19.4287
				}
			}
			{bone "engine"
				{parameters "CommonMesh;ID=engine;"}
				{Matrix34
					1.0000	0.0035	0.0000
					-0.0035	1.0000	0.0000
					0.0000	0.0000	1.0000
					23.2000	0.0000	10.2000
				}
			}
			{bone "seat01"
				{Matrix34
					0.0349	0.9994	0.0000
					-0.9994	0.0349	0.0000
					0.0000	0.0000	1.0000
					-36.8000	12.8000	10.2000
				}
			}
			{bone "seat02"
				{Matrix34
					-0.0035	-1.0000	0.0000
					1.0000	-0.0035	0.0000
					0.0000	0.0000	1.0000
					-36.7993	-13.5965	10.4000
				}
			}
			{bone "seat03"
				{Matrix34
					0.0140	0.9999	0.0000
					-0.9999	0.0140	0.0000
					0.0000	0.0000	1.0000
					-48.8000	14.0000	10.2000
				}
			}
			{bone "seat04"
				{Matrix34
					0.0000	-1.0000	0.0035
					1.0000	0.0000	0.0000
					0.0000	0.0035	1.0000
					-49.0000	-12.7636	10.4446
				}
			}
			{bone revolute "lamp_glass1"
				{limits -0.0001 0.0001}
				{speed 0.0100}
					{Matrix34
						1.0000	0.0000	0.0000
						0.0000	1.0000	0.0000
						0.0000	0.0000	1.0000
						44.4000	9.1960	9.7563
				}
				{bone revolute "lamp_light_spot1"
					{parameters "ID=body;"}
					{Matrix34
						1.0000	0.0000	0.0000
						0.0000	1.0000	0.0000
						0.0000	0.0000	1.0000
						2.4000	0.1960	-0.1437
					}
				}
			}
			{bone revolute "lamp_glass2"
				{limits -0.0001 0.0001}
				{speed 0.0100}
					{Matrix34
						1.0000	0.0000	0.0000
						0.0000	1.0000	0.0000
						0.0000	0.0000	1.0000
						44.7000	-8.7845	9.8838
				}
				{bone revolute "lamp_light_spot2"
					{parameters "ID=body;"}
					{Matrix34
						1.0000	0.0000	0.0000
						0.0000	1.0000	0.0000
						0.0000	0.0000	1.0000
						2.4000	0.1960	-0.1437
					}
				}
			}
			{bone "wheellZ"
				{Matrix34
					1.0000	0.0000	0.0000
					0.0000	0.0732	-0.9973
					0.0000	0.9973	0.0732
					-13.4000	15.4566	7.0729
				}
				{VolumeView "wheellZ.ply"}
			}
			{bone "wheelrZ"
				{Matrix34
					1.0000	0.0000	0.0000
					0.0000	0.0384	0.9993
					0.0000	-0.9993	0.0384
					-13.2000	-14.4583	8.2993
				}
				{VolumeView "wheelrZ.ply"}
			}
		}
		{bone "pivot_front"
			{Position 32.0000 0.0000 5.9000}
			{bone revolute "steer_R1"
				{Matrix34
					1.0000	0.0000	0.0000
					0.0000	-1.0000	0.0000
					0.0000	0.0000	-1.0000
					0.0000	-13.9000	-0.1000
				}
				{bone revolute "wheelr1"
					{parameters "ID=wheelright1;"}
					{Matrix34
						1.0000	0.0001	-0.0035
						0.0035	0.0031	1.0000
						0.0001	-1.0000	0.0031
						-1.0445	2.1357	-2.3545
					}
					{VolumeView "wheelr1.ply"}
				}
				{bone "FXtraceR1"
					{Matrix34
						-0.9916	0.0100	-0.1292
						0.0123	0.9998	-0.0172
						0.1290	-0.0187	-0.9915
						-9.5576	0.0330	3.8486
					}
				}
			}
			{bone revolute "steer_L1"
				{Matrix34
					1.0000	0.0000	0.0000
					0.0000	-1.0000	0.0035
					0.0000	-0.0035	-1.0000
					0.0000	13.2002	0.0613
				}
				{bone revolute "wheell1"
					{parameters "ID=wheelleft1;"}
					{Matrix34
						0.9999	0.0000	0.0105
						-0.0105	-0.0035	0.9999
						0.0000	-1.0000	-0.0035
						-1.0000	0.3087	-2.4989
					}
					{VolumeView "wheell1.ply"}
				}
				{bone "FXtraceL1"
					{Matrix34
						-0.9826	0.0078	-0.1856
						0.0070	1.0000	0.0052
						0.1857	0.0038	-0.9826
						-9.3237	-1.0471	3.8524
					}
				}
			}
		}
		{bone "pivot_back"
			{Position -42.3000 0.0000 5.8800}
			{bone revolute "wheelr2"
				{parameters "ID=wheelright2;"}
				{Matrix34
					1.0000	-0.0001	0.0035
					0.0035	0.0087	-1.0000
					0.0000	1.0000	0.0087
					0.0000	-15.8087	2.4927
				}
				{VolumeView "wheelr2.ply"}
			}
			{bone revolute "wheell2"
				{parameters "ID=wheelleft2;"}
				{Matrix34
					1.0000	-0.0001	0.0035
					0.0035	0.0033	-0.9999
					0.0001	0.9999	0.0033
					0.0000	16.1261	2.4314
				}
				{VolumeView "wheell2.ply"}
			}
			{bone "FXtraceL2"
				{Matrix34
					-0.9826	0.0025	0.1857
					0.0035	1.0000	0.0052
					-0.1857	0.0058	-0.9826
					-9.0477	16.1545	-4.3254
				}
			}
			{bone "FXtraceR2"
				{Matrix34
					-0.9727	0.0135	0.2317
					0.0122	0.9999	-0.0070
					-0.2317	-0.0040	-0.9728
					-8.5685	-15.8842	-4.3145
				}
			}
		}
		{bone "emit2"
			{Matrix34
				0.0035	1.0000	0.0000
				-1.0000	0.0035	0.0000
				0.0000	0.0000	1.0000
				-19.4224	-36.4035	-0.3000
			}
		}
		{bone "emit1"
			{Matrix34
				0.0035	-1.0000	0.0000
				1.0000	0.0035	0.0000
				0.0000	0.0000	1.0000
				-19.0173	31.9501	0.2000
			}
		}
		{bone "emit3"
			{Matrix34
				0.0192	0.9998	0.0000
				-0.9998	0.0192	0.0000
				0.0000	0.0000	1.0000
				-40.1021	-36.1784	0.3000
			}
		}
		{bone "emit4"
			{Matrix34
				0.0017	-1.0000	0.0000
				1.0000	0.0017	0.0000
				0.0000	0.0000	1.0000
				-39.2090	31.3292	0.4000
			}
		}
		{bone "emit5"
			{Matrix34
				0.0366	0.9993	0.0000
				-0.9993	0.0366	0.0000
				0.0000	0.0000	1.0000
				-54.1903	-35.4964	0.0000
			}
		}
		{bone "emit6"
			{Matrix34
				0.0262	-0.9997	0.0035
				0.9997	0.0262	-0.0001
				0.0000	0.0035	1.0000
				-53.8363	31.5982	-0.1104
			}
		}
	}
}
{Volume "wheelright2"
	{Cylinder 10.25610 5.42746}
	{Bone "WheelR2"}
	{Matrix34
		-0.8377	0.0000	0.0000
		0.0000	-0.8175	0.0000
		0.0000	0.0000	1.2346
		0.0148	0.0000	0.0349
	}
}
{Volume "wheelleft2"
	{Cylinder 10.25610 5.42746}
	{Bone "WheelL2"}
	{Matrix34
		-0.8243	0.0000	0.0000
		0.0000	-0.8164	0.0000
		0.0000	0.0000	1.2499
		0.0376	0.0000	-0.0079
	}
}
{Volume "wheelleft1"
	{Cylinder 10.25610 5.42746}
	{Bone "WheelL1"}
	{Matrix34
		-0.8351	0.0000	0.0000
		0.0000	-0.8355	0.0000
		0.0000	0.0000	0.7327
		0.0000	-0.0817	2.0388
	}
}
{Volume "wheelright1"
	{Cylinder 10.25610 5.42746}
	{Bone "WheelR1"}
	{Matrix34
		-0.8383	0.0000	0.0000
		0.0000	-0.7993	0.0000
		0.0000	0.0000	0.7629
		0.0849	0.0806	1.9737
	}
}
{Volume "Crew"
	{Box 11.7772 12.4655 20.4260}
	{Bone "Body"}
	{Matrix34
		1.0407	0.0000	0.0000
		0.0000	1.0000	0.0000
		0.0000	0.0000	1.2698
		-16.2342	0.0000	17.0149
	}
}
{Volume "engine"
	{Box 16.9824 12.4592 14.5535}
	{Bone "engine"}
	{Matrix34
		1.3296	0.0000	0.0000
		0.0000	0.8711	0.0000
		0.0000	0.0000	0.7603
		-1.8615	0.2613	-1.9007
	}
}
{Volume "inventory"
	{Box 7.5014 12.4655 12.7662}
	{Bone "Body"}
	{Position -26.4453 -0.0249 14.4470}
}
{Volume "turret"
	{Polyhedron "turret.vol"}
	{Bone "turret"}
	{Matrix34
		0.8120	0.0000	0.0000
		0.0000	0.7579	0.0000
		0.0000	0.0000	0.7690
		-0.7791	0.3352	0.0297
	}
}
{Volume "Body1"
	{Box 86.9498 46.1986 8.9169}
	{Bone "body"}
	{Matrix34
		-0.8387	0.0000	0.0000
		0.0000	-0.4657	-0.0042
		0.0000	0.0473	1.5391
		1.2377	0.0385	8.8765
	}
}
{Volume "Body2"
	{Box 86.9498 46.1986 8.9169}
	{Bone "body"}
	{Matrix34
		-0.3499	0.0000	0.0000
		0.0000	-0.6162	-0.0055
		0.0000	0.0214	0.6977
		-17.3727	0.5309	19.0749
	}
}
{Volume "Kuzov"
	{Box 7.5014 12.4655 12.7662}
	{Bone "Body"}
	{Matrix34
		2.7916	0.0000	0.0000
		0.0000	2.0070	0.0000
		0.0000	0.0000	0.6621
		-45.4558	0.0000	7.3848
	}
}
{Volume "wheelleftZ"
	{Cylinder 10.25610 5.42746}
	{Bone "wheellZ"}
	{Matrix34
		-0.8351	0.0000	0.0000
		0.0000	-0.8355	0.0000
		0.0000	0.0000	0.7327
		0.0000	-0.0817	2.0388
	}
}
{Volume "wheelrightZ"
	{Cylinder 10.25610 5.42746}
	{Bone "wheelrZ"}
	{Matrix34
		-0.8383	0.0000	0.0000
		0.0000	-0.7993	0.0000
		0.0000	0.0000	0.7629
		0.0849	0.0806	1.9737
	}
}
{Volume "lamp1"
	{Cylinder 2.24252 1.9685}
	{Bone "lamp_glass1"}
	{Matrix34
		0.0000	-1.0000	0.0000
		0.0000	0.0000	-1.0000
		1.0000	0.0000	0.0000
		-2.4012	-0.0707	0.0173
	}
}
{Volume "lamp2"
	{Cylinder 2.24252 1.9685}
	{Bone "lamp_glass2"}
	{Matrix34
		0.0000	-1.0000	0.0000
		0.0000	0.0000	-1.0000
		1.0000	0.0000	0.0000
		-2.4012	-0.0707	0.0173
	}
}